# Ajustes para interação Pb–I 

### Gaussiano + Linear ###
A      = -0.154980 eV
r0     = 3.439151 Å
sigma  = 0.622598 Å
B      = 0.071385 eV/Å
C      = -0.109892 eV

### Polinômio grau 5 ###
a0 = -0.150505
a1 = 2.355275
a2 = -14.445698
a3 = 43.464886
a4 = -64.291223
a5 = 37.529443
